1,38.75;
2,37.56;
3,37.63;
4,37.56;
5,37.63;
6,37.63;
7,37.56;
8,37.56;
9,37.63;
10,37.63;
11,37.56;
12,37.56;
13,37.63;
14,37.63;
15,37.63;
16,37.81;
17,37.94;
18,37.94;
19,37.88;
20,37.75;
21,37.56;
22,37.31;
23,37.13;
24,37.13;
25,37.13;
26,37.25;
27,37.19;
28,37.13;
29,37.00;
30,36.75;
31,36.56;
32,36.31;
33,36.13;
34,35.94;
35,35.81;
36,35.63;
37,35.50;
38,35.31;
39,35.19;
40,35.00;
41,34.88;
42,34.81;
43,34.63;
44,34.88;
45,35.38;
46,35.69;
47,35.88;
48,36.06;
49,36.19;
50,36.31;
51,36.44;
52,36.50;
53,36.63;
54,36.75;
55,36.81;
56,36.88;
57,36.94;
58,37.00;
59,37.06;
60,37.13;
61,37.13;
62,37.19;
63,37.25;
64,37.25;
65,37.31;
66,37.31;
67,37.38;
68,37.38;
69,37.44;
70,37.44;
71,37.44;
72,37.44;
73,37.44;
74,37.50;
75,37.50;
76,37.50;
77,37.50;
78,37.50;
79,37.50;
80,37.50;
81,37.56;
82,37.56;
83,37.56;
84,37.50;
85,37.56;
86,37.56;
87,37.50;
88,37.56;
89,37.50;
90,37.56;
91,37.56;
92,37.56;
93,37.56;
94,37.56;
95,37.50;
96,37.50;
97,37.50;
98,37.50;
99,37.50;
100,37.50;
101,37.50;
102,37.44;
103,37.44;
104,37.50;
105,37.44;
106,37.44;
107,37.50;
108,37.44;
109,37.44;
110,37.44;
111,37.44;
112,37.44;
113,37.44;
114,37.44;
115,37.38;
116,37.44;
117,37.38;
118,37.38;
119,37.38;
120,37.38;

